Node_num: 25	 Edge_num: 112
Link_index	Source	Destination	OSPF	Capacity(kbps)
0	1	0	1	3208008
1	2	0	1	3606560
2	3	0	2	8332245
3	4	0	1	7643421
4	5	0	2	4014519
5	6	0	1	3431382
6	7	0	3	7414244
7	4	3	2	9763797
8	5	3	1	3537887
9	0	3	1	7732991
10	7	3	1	4668348
11	8	5	3	8804848
12	1	5	2	5203939
13	3	5	2	9267068
14	0	5	3	6109241
15	8	1	2	7155733
16	5	1	3	5092174
17	9	1	1	6114918
18	6	1	1	5977529
19	0	1	2	7538597
20	10	1	3	7197281
21	11	1	3	3217331
22	12	1	1	4192171
23	13	1	2	6981354
24	8	14	1	4664120
25	10	14	3	3337057
26	8	10	2	5503657
27	1	10	3	8321052
28	14	10	2	4102387
29	15	10	3	9217210
30	8	15	1	7172805
31	16	15	2	9415951
32	10	15	3	6184781
33	7	15	2	3221591
34	1	8	1	9193567
35	14	8	3	5602845
36	5	8	3	3694903
37	15	8	1	4548345
38	10	8	1	7604910
39	3	7	2	8543578
40	4	7	1	7025029
41	16	7	1	9451200
42	15	7	2	7109420
43	0	7	1	6233119
44	17	7	1	6771875
45	15	16	2	9747897
46	7	16	1	6377327
47	9	18	1	3524281
48	13	18	2	3260544
49	9	19	3	7491187
50	11	19	2	8698776
51	2	4	1	7486097
52	3	4	3	9504807
53	20	4	2	5388489
54	9	4	3	5087693
55	21	4	2	9838408
56	6	4	3	6912001
57	0	4	3	5767334
58	22	4	3	5146976
59	7	4	1	8300251
60	12	4	1	8962968
61	4	21	1	7328914
62	20	21	1	3457042
63	23	21	1	5633415
64	4	20	2	7287789
65	21	20	1	9140603
66	17	20	2	5961302
67	22	20	1	3334917
68	4	22	1	6178197
69	20	22	2	4256535
70	17	22	1	9566588
71	19	9	2	5852790
72	1	9	2	4514163
73	2	9	2	5233177
74	4	9	3	9397834
75	18	9	2	7703137
76	6	9	3	7514389
77	11	9	1	3470552
78	12	9	2	6005594
79	13	9	2	6917319
80	1	6	1	4167295
81	4	6	1	3918392
82	9	6	3	8435912
83	0	6	2	5299900
84	12	6	2	9169660
85	1	12	3	9345138
86	4	12	2	3796015
87	9	12	1	8759020
88	6	12	2	5299202
89	11	12	2	6271606
90	20	17	1	4977426
91	22	17	3	8019079
92	7	17	3	7032870
93	4	2	3	6241752
94	24	2	2	6452291
95	9	2	1	4297827
96	0	2	3	4649165
97	23	2	3	4482411
98	11	2	3	5121080
99	2	24	2	8227528
100	23	24	3	4942598
101	1	13	1	9606305
102	9	13	3	4082529
103	18	13	3	6149799
104	19	11	2	7705166
105	1	11	1	8423837
106	2	11	3	9008009
107	9	11	2	9869464
108	12	11	1	8069221
109	2	23	3	6042699
110	24	23	3	8839028
111	21	23	1	3976776
