Node_num: 25	 Edge_num: 112
Link_index	Source	Destination	OSPF	Capacity(kbps)
0	1	0	1	1200000
1	2	0	1	1200000
2	3	0	1	1200000
3	4	0	1	1200000
4	5	0	1	1200000
5	6	0	1	1200000
6	7	0	1	1200000
7	4	3	1	1200000
8	5	3	1	1200000
9	0	3	1	1200000
10	7	3	1	1200000
11	8	5	1	1200000
12	1	5	1	1200000
13	3	5	1	1200000
14	0	5	1	1200000
15	8	1	1	1200000
16	5	1	1	1200000
17	9	1	1	1200000
18	6	1	1	1200000
19	0	1	1	1200000
20	10	1	1	1200000
21	11	1	1	1200000
22	12	1	1	1200000
23	13	1	1	1200000
24	8	14	1	1200000
25	10	14	1	1200000
26	8	10	1	1200000
27	1	10	1	1200000
28	14	10	1	1200000
29	15	10	1	1200000
30	8	15	1	1200000
31	16	15	1	1200000
32	10	15	1	1200000
33	7	15	1	1200000
34	1	8	1	1200000
35	14	8	1	1200000
36	5	8	1	1200000
37	15	8	1	1200000
38	10	8	1	1200000
39	3	7	1	1200000
40	4	7	1	1200000
41	16	7	1	1200000
42	15	7	1	1200000
43	0	7	1	1200000
44	17	7	1	1200000
45	15	16	1	1200000
46	7	16	1	1200000
47	9	18	1	1200000
48	13	18	1	1200000
49	9	19	1	1200000
50	11	19	1	1200000
51	2	4	1	1200000
52	3	4	1	1200000
53	20	4	1	1200000
54	9	4	1	1200000
55	21	4	1	1200000
56	6	4	1	1200000
57	0	4	1	1200000
58	22	4	1	1200000
59	7	4	1	1200000
60	12	4	1	1200000
61	4	21	1	1200000
62	20	21	1	1200000
63	23	21	1	1200000
64	4	20	1	1200000
65	21	20	1	1200000
66	17	20	1	1200000
67	22	20	1	1200000
68	4	22	1	1200000
69	20	22	1	1200000
70	17	22	1	1200000
71	19	9	1	1200000
72	1	9	1	1200000
73	2	9	1	1200000
74	4	9	1	1200000
75	18	9	1	1200000
76	6	9	1	1200000
77	11	9	1	1200000
78	12	9	1	1200000
79	13	9	1	1200000
80	1	6	1	1200000
81	4	6	1	1200000
82	9	6	1	1200000
83	0	6	1	1200000
84	12	6	1	1200000
85	1	12	1	1200000
86	4	12	1	1200000
87	9	12	1	1200000
88	6	12	1	1200000
89	11	12	1	1200000
90	20	17	1	1200000
91	22	17	1	1200000
92	7	17	1	1200000
93	4	2	1	1200000
94	24	2	1	1200000
95	9	2	1	1200000
96	0	2	1	1200000
97	23	2	1	1200000
98	11	2	1	1200000
99	2	24	1	1200000
100	23	24	1	1200000
101	1	13	1	1200000
102	9	13	1	1200000
103	18	13	1	1200000
104	19	11	1	1200000
105	1	11	1	1200000
106	2	11	1	1200000
107	9	11	1	1200000
108	12	11	1	1200000
109	2	23	1	1200000
110	24	23	1	1200000
111	21	23	1	1200000
