8->9: [[8, 13, 9], [8, 3, 9]]
8->2: [[8, 3, 2], [8, 13, 9, 2]]
8->3: [[8, 3], [8, 9, 3]]
8->0: [[8, 13, 9, 2, 0], [8, 3, 6, 1, 0]]
8->1: [[8, 3, 6, 1], [8, 13, 9, 2, 0, 1]]
8->6: [[8, 3, 6], [8, 13, 9, 2, 0, 1, 6]]
8->7: [[8, 5, 7], [8, 13, 5, 7]]
8->4: [[8, 5, 4], [8, 13, 5, 4]]
8->5: [[8, 5], [8, 13, 5]]
8->23: [[8, 13, 22, 23], [8, 3, 9, 22, 23]]
8->22: [[8, 13, 22], [8, 3, 9, 22]]
8->21: [[8, 13, 15, 21], [8, 3, 2, 16, 17, 21]]
8->20: [[8, 13, 17, 20], [8, 3, 2, 16, 17, 20]]
8->19: [[8, 13, 17, 19], [8, 3, 2, 16, 17, 19]]
8->18: [[8, 13, 17, 18], [8, 3, 2, 16, 17, 18]]
8->13: [[8, 13], [8, 5, 13]]
8->12: [[8, 13, 12], [8, 3, 2, 16, 17, 22, 24, 12]]
8->11: [[8, 13, 11], [8, 3, 2, 16, 13, 11]]
8->10: [[8, 13, 10], [8, 5, 14, 10]]
8->17: [[8, 13, 17], [8, 5, 13, 17]]
8->16: [[8, 13, 16], [8, 3, 2, 16]]
8->15: [[8, 13, 15], [8, 3, 2, 16, 15]]
8->14: [[8, 5, 14], [8, 13, 11, 14]]
8->24: [[8, 13, 22, 24], [8, 3, 9, 22, 24]]
9->8: [[9, 13, 8], [9, 3, 8]]
9->2: [[9, 2], [9, 3, 2]]
9->3: [[9, 3], [9, 13, 8, 3]]
9->0: [[9, 2, 0], [9, 3, 6, 1, 0]]
9->1: [[9, 2, 0, 1], [9, 3, 6, 1]]
9->6: [[9, 3, 6], [9, 2, 0, 1, 6]]
9->7: [[9, 5, 7], [9, 13, 5, 7]]
9->4: [[9, 5, 4], [9, 13, 5, 4]]
9->5: [[9, 5], [9, 13, 5]]
9->23: [[9, 22, 23], [9, 13, 22, 23]]
9->22: [[9, 22], [9, 13, 22]]
9->21: [[9, 22, 21], [9, 13, 15, 21]]
9->20: [[9, 13, 17, 20], [9, 3, 2, 20]]
9->19: [[9, 13, 17, 19], [9, 16, 17, 19]]
9->18: [[9, 13, 17, 18], [9, 3, 2, 21, 18]]
9->13: [[9, 13], [9, 16, 13]]
9->12: [[9, 13, 12], [9, 3, 8, 13, 12]]
9->11: [[9, 13, 11], [9, 16, 13, 11]]
9->10: [[9, 13, 10], [9, 3, 8, 5, 14, 10]]
9->17: [[9, 22, 17], [9, 13, 17]]
9->16: [[9, 16], [9, 13, 16]]
9->15: [[9, 13, 15], [9, 16, 15]]
9->14: [[9, 5, 14], [9, 13, 11, 14]]
9->24: [[9, 22, 24], [9, 13, 22, 24]]
2->8: [[2, 3, 8], [2, 9, 13, 8]]
2->9: [[2, 9], [2, 3, 9]]
2->3: [[2, 3], [2, 9, 13, 8, 3]]
2->0: [[2, 0], [2, 6, 0]]
2->1: [[2, 6, 1], [2, 0, 1]]
2->6: [[2, 6], [2, 3, 6]]
2->7: [[2, 6, 7], [2, 9, 13, 5, 7]]
2->4: [[2, 3, 8, 5, 4], [2, 9, 13, 5, 4]]
2->5: [[2, 16, 9, 5], [2, 9, 13, 5]]
2->23: [[2, 3, 9, 22, 23], [2, 9, 13, 22, 23]]
2->22: [[2, 3, 9, 22], [2, 9, 13, 22]]
2->21: [[2, 3, 9, 22, 21], [2, 9, 13, 15, 21]]
2->20: [[2, 20], [2, 9, 13, 17, 20]]
2->19: [[2, 20, 19], [2, 9, 13, 17, 19]]
2->18: [[2, 21, 18], [2, 9, 13, 17, 18]]
2->13: [[2, 16, 13], [2, 9, 13]]
2->12: [[2, 9, 13, 12], [2, 3, 8, 13, 12]]
2->11: [[2, 16, 13, 11], [2, 9, 13, 11]]
2->10: [[2, 9, 13, 10], [2, 3, 8, 5, 14, 10]]
2->17: [[2, 16, 17], [2, 9, 13, 17]]
2->16: [[2, 16], [2, 9, 13, 16]]
2->15: [[2, 15], [2, 9, 13, 15]]
2->14: [[2, 3, 8, 5, 14], [2, 9, 13, 11, 14]]
2->24: [[2, 3, 9, 22, 24], [2, 9, 13, 22, 24]]
3->8: [[3, 8], [3, 9, 8]]
3->9: [[3, 9], [3, 8, 13, 9]]
3->2: [[3, 2], [3, 8, 13, 9, 2]]
3->0: [[3, 6, 1, 0], [3, 8, 13, 9, 2, 0]]
3->1: [[3, 6, 1], [3, 8, 13, 9, 2, 0, 1]]
3->6: [[3, 6], [3, 8, 13, 9, 2, 0, 1, 6]]
3->7: [[3, 6, 7], [3, 8, 13, 5, 7]]
3->4: [[3, 8, 13, 5, 4], [3, 2, 16, 9, 5, 4]]
3->5: [[3, 9, 5], [3, 8, 13, 5]]
3->23: [[3, 9, 22, 23], [3, 8, 13, 22, 23]]
3->22: [[3, 9, 22], [3, 8, 13, 22]]
3->21: [[3, 9, 22, 21], [3, 8, 13, 15, 21]]
3->20: [[3, 2, 16, 17, 20], [3, 8, 13, 17, 20]]
3->19: [[3, 2, 16, 17, 19], [3, 8, 13, 17, 19]]
3->18: [[3, 2, 21, 18], [3, 8, 13, 17, 18]]
3->13: [[3, 8, 13], [3, 9, 22, 13]]
3->12: [[3, 8, 13, 12], [3, 9, 22, 24, 12]]
3->11: [[3, 8, 13, 11], [3, 9, 22, 13, 11]]
3->10: [[3, 8, 13, 10], [3, 2, 16, 13, 10]]
3->17: [[3, 8, 13, 17], [3, 9, 22, 17]]
3->16: [[3, 2, 16], [3, 8, 13, 16]]
3->15: [[3, 2, 16, 15], [3, 8, 13, 15]]
3->14: [[3, 8, 13, 11, 14], [3, 2, 16, 9, 5, 14]]
3->24: [[3, 9, 22, 24], [3, 8, 13, 22, 24]]
0->8: [[0, 2, 3, 8], [0, 2, 9, 13, 8]]
0->9: [[0, 2, 9], [0, 2, 16, 9]]
0->2: [[0, 2], [0, 6, 2]]
0->3: [[0, 2, 3], [0, 2, 9, 13, 8, 3]]
0->1: [[0, 1], [0, 6, 1]]
0->6: [[0, 6], [0, 1, 6]]
0->7: [[0, 7], [0, 2, 9, 13, 5, 7]]
0->4: [[0, 2, 16, 9, 5, 4], [0, 2, 9, 13, 5, 4]]
0->5: [[0, 2, 16, 9, 5], [0, 2, 9, 13, 5]]
0->23: [[0, 2, 16, 17, 22, 23], [0, 2, 9, 13, 22, 23]]
0->22: [[0, 2, 16, 9, 22], [0, 2, 9, 13, 22]]
0->21: [[0, 2, 16, 17, 21], [0, 2, 9, 13, 15, 21]]
0->20: [[0, 2, 20], [0, 2, 9, 13, 17, 20]]
0->19: [[0, 2, 16, 17, 19], [0, 2, 9, 13, 17, 19]]
0->18: [[0, 2, 16, 17, 18], [0, 2, 9, 13, 17, 18]]
0->13: [[0, 2, 16, 13], [0, 2, 9, 13]]
0->12: [[0, 2, 9, 13, 12], [0, 2, 16, 17, 22, 24, 12]]
0->11: [[0, 2, 16, 13, 11], [0, 2, 9, 13, 11]]
0->10: [[0, 2, 16, 13, 10], [0, 2, 9, 13, 10]]
0->17: [[0, 2, 16, 17], [0, 2, 9, 13, 17]]
0->16: [[0, 2, 16], [0, 2, 9, 13, 16]]
0->15: [[0, 2, 16, 15], [0, 2, 9, 13, 15]]
0->14: [[0, 2, 16, 9, 5, 14], [0, 2, 9, 13, 11, 14]]
0->24: [[0, 2, 16, 17, 22, 24], [0, 2, 9, 13, 22, 24]]
1->8: [[1, 6, 3, 8], [1, 0, 2, 9, 13, 8]]
1->9: [[1, 6, 3, 9], [1, 0, 2, 9]]
1->2: [[1, 6, 2], [1, 0, 2]]
1->3: [[1, 6, 3], [1, 0, 2, 9, 13, 8, 3]]
1->0: [[1, 0], [1, 6, 0]]
1->6: [[1, 6], [1, 0, 6]]
1->7: [[1, 6, 7], [1, 0, 2, 9, 13, 5, 7]]
1->4: [[1, 6, 3, 8, 5, 4], [1, 0, 2, 9, 13, 5, 4]]
1->5: [[1, 6, 3, 8, 5], [1, 0, 2, 9, 13, 5]]
1->23: [[1, 6, 3, 9, 22, 23], [1, 0, 2, 9, 13, 22, 23]]
1->22: [[1, 6, 3, 9, 22], [1, 0, 2, 9, 13, 22]]
1->21: [[1, 6, 3, 9, 22, 21], [1, 0, 2, 9, 13, 15, 21]]
1->20: [[1, 6, 2, 20], [1, 0, 2, 9, 13, 17, 20]]
1->19: [[1, 6, 2, 20, 19], [1, 0, 2, 9, 13, 17, 19]]
1->18: [[1, 6, 3, 2, 21, 18], [1, 0, 2, 9, 13, 17, 18]]
1->13: [[1, 0, 2, 9, 13], [1, 6, 3, 9, 22, 13]]
1->12: [[1, 6, 3, 8, 13, 12], [1, 0, 2, 9, 13, 12]]
1->11: [[1, 0, 2, 9, 13, 11], [1, 6, 3, 8, 5, 14, 11]]
1->10: [[1, 0, 2, 9, 13, 10], [1, 6, 3, 8, 5, 14, 10]]
1->17: [[1, 6, 3, 9, 22, 17], [1, 0, 2, 9, 13, 17]]
1->16: [[1, 6, 3, 2, 16], [1, 0, 2, 9, 13, 16]]
1->15: [[1, 6, 3, 2, 15], [1, 0, 2, 9, 13, 15]]
1->14: [[1, 6, 3, 8, 5, 14], [1, 0, 2, 9, 13, 11, 14]]
1->24: [[1, 6, 3, 9, 22, 24], [1, 0, 2, 9, 13, 22, 24]]
6->8: [[6, 3, 8], [6, 1, 0, 2, 9, 13, 8]]
6->9: [[6, 3, 9], [6, 1, 0, 2, 9]]
6->2: [[6, 2], [6, 3, 2]]
6->3: [[6, 3], [6, 1, 0, 2, 9, 13, 8, 3]]
6->0: [[6, 0], [6, 1, 0]]
6->1: [[6, 1], [6, 3, 2, 0, 1]]
6->7: [[6, 7], [6, 1, 0, 2, 9, 13, 5, 7]]
6->4: [[6, 3, 2, 16, 9, 5, 4], [6, 1, 0, 2, 9, 13, 5, 4]]
6->5: [[6, 3, 2, 16, 9, 5], [6, 1, 0, 2, 9, 13, 5]]
6->23: [[6, 3, 9, 22, 23], [6, 1, 0, 2, 9, 13, 22, 23]]
6->22: [[6, 3, 9, 22], [6, 1, 0, 2, 9, 13, 22]]
6->21: [[6, 3, 2, 16, 17, 21], [6, 1, 0, 2, 9, 13, 15, 21]]
6->20: [[6, 2, 20], [6, 1, 0, 2, 9, 13, 17, 20]]
6->19: [[6, 2, 20, 19], [6, 1, 0, 2, 9, 13, 17, 19]]
6->18: [[6, 3, 2, 16, 17, 18], [6, 1, 0, 2, 9, 13, 17, 18]]
6->13: [[6, 3, 2, 16, 13], [6, 1, 0, 2, 9, 13]]
6->12: [[6, 1, 0, 2, 9, 13, 12], [6, 3, 2, 16, 17, 22, 24, 12]]
6->11: [[6, 3, 2, 16, 13, 11], [6, 1, 0, 2, 9, 13, 11]]
6->10: [[6, 3, 2, 16, 13, 10], [6, 1, 0, 2, 9, 13, 10]]
6->17: [[6, 3, 2, 16, 17], [6, 1, 0, 2, 9, 13, 17]]
6->16: [[6, 3, 2, 16], [6, 1, 0, 2, 9, 13, 16]]
6->15: [[6, 3, 2, 16, 15], [6, 1, 0, 2, 9, 13, 15]]
6->14: [[6, 3, 2, 16, 9, 5, 14], [6, 1, 0, 2, 9, 13, 11, 14]]
6->24: [[6, 3, 9, 22, 24], [6, 1, 0, 2, 9, 13, 22, 24]]
7->8: [[7, 5, 8], [7, 5, 13, 8]]
7->9: [[7, 5, 9], [7, 5, 13, 9]]
7->2: [[7, 6, 2], [7, 5, 13, 9, 2]]
7->3: [[7, 6, 3], [7, 5, 13, 8, 3]]
7->0: [[7, 0], [7, 5, 13, 9, 2, 0]]
7->1: [[7, 6, 1], [7, 5, 13, 9, 2, 0, 1]]
7->6: [[7, 6], [7, 5, 13, 9, 2, 0, 1, 6]]
7->4: [[7, 4], [7, 5, 4]]
7->5: [[7, 5], [7, 4, 5]]
7->23: [[7, 5, 13, 22, 23], [7, 4, 5, 9, 16, 17, 22, 23]]
7->22: [[7, 5, 13, 22], [7, 4, 5, 9, 22]]
7->21: [[7, 5, 13, 15, 21], [7, 4, 5, 9, 16, 17, 21]]
7->20: [[7, 5, 13, 17, 20], [7, 4, 5, 9, 16, 17, 20]]
7->19: [[7, 5, 13, 17, 19], [7, 4, 5, 9, 16, 17, 19]]
7->18: [[7, 5, 13, 17, 18], [7, 4, 5, 9, 16, 17, 18]]
7->13: [[7, 5, 13], [7, 4, 5, 9, 16, 13]]
7->12: [[7, 5, 13, 12], [7, 4, 5, 9, 16, 17, 22, 24, 12]]
7->11: [[7, 5, 13, 11], [7, 5, 14, 11]]
7->10: [[7, 5, 13, 10], [7, 5, 14, 10]]
7->17: [[7, 5, 13, 17], [7, 4, 5, 9, 16, 17]]
7->16: [[7, 5, 13, 16], [7, 4, 5, 9, 16]]
7->15: [[7, 5, 13, 15], [7, 4, 5, 9, 16, 15]]
7->14: [[7, 5, 14], [7, 5, 13, 11, 14]]
7->24: [[7, 5, 13, 22, 24], [7, 4, 5, 9, 16, 17, 22, 24]]
4->8: [[4, 5, 8], [4, 5, 13, 8]]
4->9: [[4, 5, 9], [4, 5, 13, 9]]
4->2: [[4, 5, 8, 3, 2], [4, 5, 13, 9, 2]]
4->3: [[4, 5, 8, 3], [4, 5, 13, 8, 3]]
4->0: [[4, 5, 13, 9, 2, 0], [4, 5, 8, 3, 6, 1, 0]]
4->1: [[4, 5, 8, 3, 6, 1], [4, 5, 13, 9, 2, 0, 1]]
4->6: [[4, 5, 8, 3, 6], [4, 5, 13, 9, 2, 0, 1, 6]]
4->7: [[4, 7], [4, 5, 7]]
4->5: [[4, 5], [4, 7, 5]]
4->23: [[4, 5, 13, 22, 23], [4, 5, 8, 3, 9, 22, 23]]
4->22: [[4, 5, 13, 22], [4, 5, 9, 22]]
4->21: [[4, 5, 13, 17, 21], [4, 5, 13, 15, 21]]
4->20: [[4, 5, 13, 17, 20], [4, 5, 8, 3, 2, 20]]
4->19: [[4, 5, 13, 17, 19], [4, 5, 8, 3, 2, 20, 19]]
4->18: [[4, 5, 13, 17, 18], [4, 5, 8, 3, 2, 21, 18]]
4->13: [[4, 5, 13], [4, 5, 8, 3, 9, 22, 13]]
4->12: [[4, 5, 13, 12], [4, 5, 8, 13, 12]]
4->11: [[4, 5, 13, 11], [4, 5, 14, 11]]
4->10: [[4, 5, 13, 10], [4, 5, 9, 16, 13, 10]]
4->17: [[4, 5, 13, 17], [4, 5, 9, 16, 17]]
4->16: [[4, 5, 13, 16], [4, 5, 9, 16]]
4->15: [[4, 5, 13, 15], [4, 5, 9, 16, 15]]
4->14: [[4, 5, 14], [4, 5, 13, 11, 14]]
4->24: [[4, 5, 13, 22, 24], [4, 5, 8, 3, 9, 22, 24]]
5->8: [[5, 8], [5, 13, 8]]
5->9: [[5, 9], [5, 13, 9]]
5->2: [[5, 13, 9, 2], [5, 9, 16, 2]]
5->3: [[5, 9, 3], [5, 13, 8, 3]]
5->0: [[5, 13, 9, 2, 0], [5, 8, 3, 6, 1, 0]]
5->1: [[5, 8, 3, 6, 1], [5, 13, 9, 2, 0, 1]]
5->6: [[5, 8, 3, 6], [5, 13, 9, 2, 0, 1, 6]]
5->7: [[5, 7], [5, 4, 7]]
5->4: [[5, 4], [5, 7, 4]]
5->23: [[5, 13, 22, 23], [5, 8, 3, 9, 22, 23]]
5->22: [[5, 13, 22], [5, 9, 22]]
5->21: [[5, 13, 17, 21], [5, 13, 15, 21]]
5->20: [[5, 13, 17, 20], [5, 8, 3, 2, 20]]
5->19: [[5, 13, 17, 19], [5, 9, 16, 17, 19]]
5->18: [[5, 13, 17, 18], [5, 8, 3, 2, 21, 18]]
5->13: [[5, 13], [5, 9, 16, 13]]
5->12: [[5, 13, 12], [5, 8, 13, 12]]
5->11: [[5, 13, 11], [5, 9, 16, 13, 11]]
5->10: [[5, 13, 10], [5, 14, 10]]
5->17: [[5, 13, 17], [5, 9, 16, 17]]
5->16: [[5, 13, 16], [5, 9, 16]]
5->15: [[5, 13, 15], [5, 9, 16, 15]]
5->14: [[5, 14], [5, 13, 11, 14]]
5->24: [[5, 13, 22, 24], [5, 8, 3, 9, 22, 24]]
23->8: [[23, 22, 13, 8], [23, 22, 9, 3, 8]]
23->9: [[23, 22, 9], [23, 22, 13, 9]]
23->2: [[23, 22, 13, 9, 2], [23, 22, 9, 3, 2]]
23->3: [[23, 22, 9, 3], [23, 22, 13, 8, 3]]
23->0: [[23, 22, 13, 9, 2, 0], [23, 22, 17, 16, 2, 0]]
23->1: [[23, 22, 9, 3, 6, 1], [23, 22, 13, 9, 2, 0, 1]]
23->6: [[23, 22, 9, 3, 6], [23, 22, 13, 9, 2, 0, 1, 6]]
23->7: [[23, 22, 13, 5, 7], [23, 22, 17, 16, 9, 5, 4, 7]]
23->4: [[23, 22, 13, 5, 4], [23, 22, 17, 16, 9, 5, 4]]
23->5: [[23, 22, 13, 5], [23, 22, 17, 16, 9, 5]]
23->22: [[23, 22], [23, 24, 12, 13, 22]]
23->21: [[23, 22, 21], [23, 22, 13, 15, 21]]
23->20: [[23, 22, 17, 20], [23, 22, 13, 17, 20]]
23->19: [[23, 22, 17, 19], [23, 22, 13, 17, 19]]
23->18: [[23, 22, 21, 18], [23, 22, 13, 17, 18]]
23->13: [[23, 22, 13], [23, 22, 17, 16, 13]]
23->12: [[23, 22, 13, 12], [23, 22, 24, 12]]
23->11: [[23, 22, 13, 11], [23, 22, 17, 16, 13, 11]]
23->10: [[23, 22, 13, 10], [23, 22, 17, 16, 13, 10]]
23->17: [[23, 22, 17], [23, 22, 13, 17]]
23->16: [[23, 22, 13, 16], [23, 22, 17, 16]]
23->15: [[23, 22, 13, 15], [23, 22, 21, 15]]
23->14: [[23, 22, 13, 11, 14], [23, 22, 17, 16, 9, 5, 14]]
23->24: [[23, 24], [23, 22, 24]]
22->8: [[22, 13, 8], [22, 9, 3, 8]]
22->9: [[22, 9], [22, 13, 9]]
22->2: [[22, 13, 9, 2], [22, 9, 3, 2]]
22->3: [[22, 9, 3], [22, 13, 8, 3]]
22->0: [[22, 13, 9, 2, 0], [22, 9, 3, 6, 1, 0]]
22->1: [[22, 9, 3, 6, 1], [22, 13, 9, 2, 0, 1]]
22->6: [[22, 9, 3, 6], [22, 13, 9, 2, 0, 1, 6]]
22->7: [[22, 13, 5, 7], [22, 9, 3, 8, 5, 7]]
22->4: [[22, 13, 5, 4], [22, 9, 5, 4]]
22->5: [[22, 13, 5], [22, 9, 5]]
22->23: [[22, 23], [22, 13, 12, 24, 23]]
22->21: [[22, 21], [22, 13, 15, 21]]
22->20: [[22, 17, 20], [22, 13, 17, 20]]
22->19: [[22, 17, 19], [22, 13, 17, 19]]
22->18: [[22, 21, 18], [22, 13, 17, 18]]
22->13: [[22, 13], [22, 17, 13]]
22->12: [[22, 13, 12], [22, 24, 12]]
22->11: [[22, 13, 11], [22, 9, 3, 8, 5, 14, 11]]
22->10: [[22, 13, 10], [22, 9, 3, 8, 5, 14, 10]]
22->17: [[22, 17], [22, 13, 17]]
22->16: [[22, 13, 16], [22, 17, 16]]
22->15: [[22, 13, 15], [22, 17, 15]]
22->14: [[22, 13, 11, 14], [22, 9, 5, 14]]
22->24: [[22, 24], [22, 13, 12, 24]]
21->8: [[21, 15, 13, 8], [21, 22, 9, 3, 8]]
21->9: [[21, 22, 9], [21, 15, 13, 9]]
21->2: [[21, 22, 9, 3, 2], [21, 15, 13, 9, 2]]
21->3: [[21, 22, 9, 3], [21, 15, 13, 8, 3]]
21->0: [[21, 2, 0], [21, 15, 13, 9, 2, 0]]
21->1: [[21, 22, 9, 3, 6, 1], [21, 15, 13, 9, 2, 0, 1]]
21->6: [[21, 22, 9, 3, 6], [21, 15, 13, 9, 2, 0, 1, 6]]
21->7: [[21, 15, 13, 5, 7], [21, 22, 9, 3, 8, 5, 7]]
21->4: [[21, 17, 13, 5, 4], [21, 15, 13, 5, 4]]
21->5: [[21, 17, 13, 5], [21, 15, 13, 5]]
21->23: [[21, 22, 23], [21, 15, 13, 22, 23]]
21->22: [[21, 22], [21, 15, 13, 22]]
21->20: [[21, 17, 20], [21, 15, 13, 17, 20]]
21->19: [[21, 17, 19], [21, 15, 13, 17, 19]]
21->18: [[21, 18], [21, 17, 18]]
21->13: [[21, 17, 13], [21, 15, 13]]
21->12: [[21, 15, 13, 12], [21, 17, 22, 24, 12]]
21->11: [[21, 15, 13, 11], [21, 22, 9, 3, 8, 5, 14, 11]]
21->10: [[21, 15, 13, 10], [21, 22, 9, 3, 8, 5, 14, 10]]
21->17: [[21, 17], [21, 15, 13, 17]]
21->16: [[21, 17, 16], [21, 15, 13, 16]]
21->15: [[21, 15], [21, 17, 15]]
21->14: [[21, 15, 13, 11, 14], [21, 22, 9, 3, 8, 5, 14]]
21->24: [[21, 22, 24], [21, 17, 22, 24]]
20->8: [[20, 2, 3, 8], [20, 17, 13, 8]]
20->9: [[20, 2, 3, 9], [20, 17, 13, 9]]
20->2: [[20, 2], [20, 17, 13, 9, 2]]
20->3: [[20, 2, 3], [20, 17, 13, 8, 3]]
20->0: [[20, 2, 0], [20, 17, 13, 9, 2, 0]]
20->1: [[20, 2, 6, 1], [20, 17, 13, 9, 2, 0, 1]]
20->6: [[20, 2, 6], [20, 17, 13, 9, 2, 0, 1, 6]]
20->7: [[20, 17, 13, 5, 7], [20, 2, 3, 8, 5, 7]]
20->4: [[20, 17, 13, 5, 4], [20, 2, 3, 8, 5, 4]]
20->5: [[20, 17, 13, 5], [20, 2, 3, 8, 5]]
20->23: [[20, 17, 13, 22, 23], [20, 2, 3, 9, 22, 23]]
20->22: [[20, 17, 22], [20, 17, 13, 22]]
20->21: [[20, 17, 21], [20, 17, 13, 15, 21]]
20->19: [[20, 19], [20, 17, 19]]
20->18: [[20, 17, 18], [20, 2, 21, 18]]
20->13: [[20, 17, 13], [20, 2, 3, 9, 22, 13]]
20->12: [[20, 17, 13, 12], [20, 17, 22, 24, 12]]
20->11: [[20, 17, 13, 11], [20, 2, 3, 8, 5, 14, 11]]
20->10: [[20, 17, 13, 10], [20, 2, 3, 8, 5, 14, 10]]
20->17: [[20, 17], [20, 2, 3, 9, 22, 17]]
20->16: [[20, 17, 16], [20, 17, 13, 16]]
20->15: [[20, 17, 15], [20, 17, 13, 15]]
20->14: [[20, 17, 13, 11, 14], [20, 2, 3, 8, 5, 14]]
20->24: [[20, 17, 22, 24], [20, 17, 13, 22, 24]]
19->8: [[19, 17, 13, 8], [19, 17, 16, 2, 3, 8]]
19->9: [[19, 17, 13, 9], [19, 17, 16, 9]]
19->2: [[19, 20, 2], [19, 17, 13, 9, 2]]
19->3: [[19, 17, 13, 8, 3], [19, 17, 16, 2, 3]]
19->0: [[19, 17, 16, 2, 0], [19, 17, 13, 9, 2, 0]]
19->1: [[19, 20, 2, 6, 1], [19, 17, 13, 9, 2, 0, 1]]
19->6: [[19, 20, 2, 6], [19, 17, 13, 9, 2, 0, 1, 6]]
19->7: [[19, 17, 13, 5, 7], [19, 17, 16, 9, 5, 4, 7]]
19->4: [[19, 17, 13, 5, 4], [19, 17, 16, 9, 5, 4]]
19->5: [[19, 17, 13, 5], [19, 17, 16, 9, 5]]
19->23: [[19, 17, 22, 23], [19, 17, 13, 22, 23]]
19->22: [[19, 17, 22], [19, 17, 13, 22]]
19->21: [[19, 17, 21], [19, 17, 13, 15, 21]]
19->20: [[19, 20], [19, 17, 20]]
19->18: [[19, 17, 18], [19, 20, 2, 21, 18]]
19->13: [[19, 17, 13], [19, 17, 16, 13]]
19->12: [[19, 17, 13, 12], [19, 17, 22, 24, 12]]
19->11: [[19, 17, 13, 11], [19, 17, 16, 13, 11]]
19->10: [[19, 17, 13, 10], [19, 17, 16, 13, 10]]
19->17: [[19, 17], [19, 20, 2, 3, 9, 22, 17]]
19->16: [[19, 17, 16], [19, 17, 13, 16]]
19->15: [[19, 17, 15], [19, 17, 13, 15]]
19->14: [[19, 17, 13, 11, 14], [19, 17, 16, 9, 5, 14]]
19->24: [[19, 17, 22, 24], [19, 17, 13, 22, 24]]
18->8: [[18, 17, 13, 8], [18, 17, 16, 2, 3, 8]]
18->9: [[18, 17, 13, 9], [18, 17, 16, 9]]
18->2: [[18, 21, 2], [18, 17, 13, 9, 2]]
18->3: [[18, 21, 2, 3], [18, 17, 13, 8, 3]]
18->0: [[18, 17, 16, 2, 0], [18, 17, 13, 9, 2, 0]]
18->1: [[18, 17, 16, 2, 0, 1], [18, 17, 13, 9, 2, 0, 1]]
18->6: [[18, 17, 16, 2, 3, 6], [18, 17, 13, 9, 2, 0, 1, 6]]
18->7: [[18, 17, 13, 5, 7], [18, 17, 16, 9, 5, 4, 7]]
18->4: [[18, 17, 13, 5, 4], [18, 17, 16, 9, 5, 4]]
18->5: [[18, 17, 13, 5], [18, 17, 16, 9, 5]]
18->23: [[18, 21, 22, 23], [18, 17, 13, 22, 23]]
18->22: [[18, 21, 22], [18, 17, 13, 22]]
18->21: [[18, 21], [18, 17, 21]]
18->20: [[18, 17, 20], [18, 21, 2, 20]]
18->19: [[18, 17, 19], [18, 21, 2, 20, 19]]
18->13: [[18, 17, 13], [18, 17, 16, 13]]
18->12: [[18, 17, 13, 12], [18, 17, 22, 24, 12]]
18->11: [[18, 17, 13, 11], [18, 17, 16, 13, 11]]
18->10: [[18, 17, 13, 10], [18, 17, 16, 13, 10]]
18->17: [[18, 17], [18, 21, 2, 3, 9, 22, 17]]
18->16: [[18, 17, 16], [18, 17, 13, 16]]
18->15: [[18, 17, 15], [18, 17, 13, 15]]
18->14: [[18, 17, 13, 11, 14], [18, 17, 16, 9, 5, 14]]
18->24: [[18, 17, 22, 24], [18, 17, 13, 22, 24]]
13->8: [[13, 8], [13, 5, 8]]
13->9: [[13, 9], [13, 16, 9]]
13->2: [[13, 16, 2], [13, 9, 2]]
13->3: [[13, 8, 3], [13, 22, 9, 3]]
13->0: [[13, 9, 2, 0], [13, 22, 9, 3, 6, 1, 0]]
13->1: [[13, 9, 2, 0, 1], [13, 22, 9, 3, 6, 1]]
13->6: [[13, 22, 9, 3, 6], [13, 9, 2, 0, 1, 6]]
13->7: [[13, 5, 7], [13, 22, 9, 3, 8, 5, 7]]
13->4: [[13, 5, 4], [13, 22, 9, 3, 8, 5, 4]]
13->5: [[13, 5], [13, 16, 9, 5]]
13->23: [[13, 22, 23], [13, 12, 24, 23]]
13->22: [[13, 22], [13, 17, 22]]
13->21: [[13, 17, 21], [13, 15, 21]]
13->20: [[13, 17, 20], [13, 22, 9, 3, 2, 20]]
13->19: [[13, 17, 19], [13, 16, 17, 19]]
13->18: [[13, 17, 18], [13, 22, 9, 3, 2, 21, 18]]
13->12: [[13, 12], [13, 16, 17, 22, 24, 12]]
13->11: [[13, 11], [13, 22, 9, 3, 8, 5, 14, 11]]
13->10: [[13, 10], [13, 11, 10]]
13->17: [[13, 17], [13, 16, 17]]
13->16: [[13, 16], [13, 17, 16]]
13->15: [[13, 15], [13, 17, 15]]
13->14: [[13, 11, 14], [13, 10, 14]]
13->24: [[13, 22, 24], [13, 12, 24]]
12->8: [[12, 13, 8], [12, 24, 22, 17, 16, 2, 3, 8]]
12->9: [[12, 13, 9], [12, 13, 8, 3, 9]]
12->2: [[12, 13, 9, 2], [12, 13, 8, 3, 2]]
12->3: [[12, 13, 8, 3], [12, 24, 22, 9, 3]]
12->0: [[12, 13, 9, 2, 0], [12, 13, 8, 3, 6, 1, 0]]
12->1: [[12, 13, 8, 3, 6, 1], [12, 13, 9, 2, 0, 1]]
12->6: [[12, 13, 8, 3, 6], [12, 13, 9, 2, 0, 1, 6]]
12->7: [[12, 13, 5, 7], [12, 13, 8, 5, 7]]
12->4: [[12, 13, 5, 4], [12, 13, 8, 5, 4]]
12->5: [[12, 13, 5], [12, 13, 8, 5]]
12->23: [[12, 13, 22, 23], [12, 24, 22, 23]]
12->22: [[12, 13, 22], [12, 24, 22]]
12->21: [[12, 13, 15, 21], [12, 24, 22, 17, 21]]
12->20: [[12, 13, 17, 20], [12, 24, 22, 17, 20]]
12->19: [[12, 13, 17, 19], [12, 24, 22, 17, 19]]
12->18: [[12, 13, 17, 18], [12, 24, 22, 17, 18]]
12->13: [[12, 13], [12, 24, 22, 17, 16, 13]]
12->11: [[12, 11], [12, 13, 11]]
12->10: [[12, 13, 10], [12, 11, 10]]
12->17: [[12, 13, 17], [12, 24, 22, 17]]
12->16: [[12, 13, 16], [12, 24, 22, 17, 16]]
12->15: [[12, 13, 15], [12, 13, 8, 3, 2, 15]]
12->14: [[12, 13, 11, 14], [12, 13, 8, 5, 14]]
12->24: [[12, 24], [12, 13, 22, 24]]
11->8: [[11, 13, 8], [11, 13, 16, 2, 3, 8]]
11->9: [[11, 13, 9], [11, 13, 16, 9]]
11->2: [[11, 13, 16, 2], [11, 13, 9, 2]]
11->3: [[11, 13, 8, 3], [11, 13, 22, 9, 3]]
11->0: [[11, 13, 16, 2, 0], [11, 13, 9, 2, 0]]
11->1: [[11, 13, 16, 2, 0, 1], [11, 13, 9, 2, 0, 1]]
11->6: [[11, 13, 16, 2, 3, 6], [11, 13, 9, 2, 0, 1, 6]]
11->7: [[11, 13, 5, 7], [11, 14, 5, 7]]
11->4: [[11, 13, 5, 4], [11, 14, 5, 4]]
11->5: [[11, 13, 5], [11, 13, 16, 9, 5]]
11->23: [[11, 13, 22, 23], [11, 13, 16, 17, 22, 23]]
11->22: [[11, 13, 22], [11, 13, 16, 9, 22]]
11->21: [[11, 13, 15, 21], [11, 13, 16, 17, 21]]
11->20: [[11, 13, 17, 20], [11, 13, 16, 17, 20]]
11->19: [[11, 13, 17, 19], [11, 13, 16, 17, 19]]
11->18: [[11, 13, 17, 18], [11, 13, 16, 17, 18]]
11->13: [[11, 13], [11, 12, 13]]
11->12: [[11, 12], [11, 13, 12]]
11->10: [[11, 10], [11, 13, 10]]
11->17: [[11, 13, 17], [11, 13, 16, 17]]
11->16: [[11, 13, 16], [11, 14, 5, 8, 3, 2, 16]]
11->15: [[11, 13, 15], [11, 13, 16, 15]]
11->14: [[11, 14], [11, 13, 16, 9, 5, 14]]
11->24: [[11, 12, 24], [11, 13, 22, 24]]
10->8: [[10, 13, 8], [10, 14, 5, 8]]
10->9: [[10, 13, 9], [10, 13, 16, 9]]
10->2: [[10, 13, 16, 2], [10, 13, 9, 2]]
10->3: [[10, 13, 8, 3], [10, 13, 16, 2, 3]]
10->0: [[10, 13, 16, 2, 0], [10, 13, 9, 2, 0]]
10->1: [[10, 13, 16, 2, 0, 1], [10, 13, 9, 2, 0, 1]]
10->6: [[10, 13, 16, 2, 3, 6], [10, 13, 9, 2, 0, 1, 6]]
10->7: [[10, 13, 5, 7], [10, 14, 5, 7]]
10->4: [[10, 13, 5, 4], [10, 13, 16, 9, 5, 4]]
10->5: [[10, 13, 5], [10, 14, 5]]
10->23: [[10, 13, 22, 23], [10, 13, 16, 17, 22, 23]]
10->22: [[10, 13, 22], [10, 13, 16, 9, 22]]
10->21: [[10, 13, 15, 21], [10, 13, 16, 17, 21]]
10->20: [[10, 13, 17, 20], [10, 13, 16, 17, 20]]
10->19: [[10, 13, 17, 19], [10, 13, 16, 17, 19]]
10->18: [[10, 13, 17, 18], [10, 13, 16, 17, 18]]
10->13: [[10, 13], [10, 11, 13]]
10->12: [[10, 13, 12], [10, 11, 12]]
10->11: [[10, 11], [10, 13, 11]]
10->17: [[10, 13, 17], [10, 13, 16, 17]]
10->16: [[10, 13, 16], [10, 14, 5, 8, 3, 2, 16]]
10->15: [[10, 13, 15], [10, 13, 16, 15]]
10->14: [[10, 14], [10, 13, 11, 14]]
10->24: [[10, 13, 22, 24], [10, 11, 12, 24]]
17->8: [[17, 13, 8], [17, 13, 5, 8]]
17->9: [[17, 22, 9], [17, 13, 9]]
17->2: [[17, 16, 2], [17, 13, 9, 2]]
17->3: [[17, 22, 9, 3], [17, 13, 8, 3]]
17->0: [[17, 13, 9, 2, 0], [17, 22, 9, 3, 6, 1, 0]]
17->1: [[17, 22, 9, 3, 6, 1], [17, 13, 9, 2, 0, 1]]
17->6: [[17, 22, 9, 3, 6], [17, 13, 9, 2, 0, 1, 6]]
17->7: [[17, 13, 5, 7], [17, 22, 9, 3, 8, 5, 7]]
17->4: [[17, 13, 5, 4], [17, 16, 9, 5, 4]]
17->5: [[17, 13, 5], [17, 16, 9, 5]]
17->23: [[17, 22, 23], [17, 13, 22, 23]]
17->22: [[17, 22], [17, 13, 22]]
17->21: [[17, 21], [17, 13, 15, 21]]
17->20: [[17, 20], [17, 22, 9, 3, 2, 20]]
17->19: [[17, 19], [17, 22, 9, 3, 2, 20, 19]]
17->18: [[17, 18], [17, 22, 9, 3, 2, 21, 18]]
17->13: [[17, 13], [17, 16, 13]]
17->12: [[17, 13, 12], [17, 22, 24, 12]]
17->11: [[17, 13, 11], [17, 16, 13, 11]]
17->10: [[17, 13, 10], [17, 22, 9, 3, 8, 5, 14, 10]]
17->16: [[17, 16], [17, 13, 16]]
17->15: [[17, 15], [17, 13, 15]]
17->14: [[17, 13, 11, 14], [17, 16, 9, 5, 14]]
17->24: [[17, 22, 24], [17, 13, 22, 24]]
16->8: [[16, 13, 8], [16, 2, 3, 8]]
16->9: [[16, 9], [16, 13, 9]]
16->2: [[16, 2], [16, 13, 9, 2]]
16->3: [[16, 2, 3], [16, 13, 8, 3]]
16->0: [[16, 13, 9, 2, 0], [16, 2, 3, 6, 1, 0]]
16->1: [[16, 2, 3, 6, 1], [16, 13, 9, 2, 0, 1]]
16->6: [[16, 2, 3, 6], [16, 13, 9, 2, 0, 1, 6]]
16->7: [[16, 13, 5, 7], [16, 2, 3, 8, 5, 7]]
16->4: [[16, 13, 5, 4], [16, 9, 5, 4]]
16->5: [[16, 13, 5], [16, 9, 5]]
16->23: [[16, 13, 22, 23], [16, 17, 22, 23]]
16->22: [[16, 13, 22], [16, 17, 22]]
16->21: [[16, 17, 21], [16, 13, 15, 21]]
16->20: [[16, 17, 20], [16, 13, 17, 20]]
16->19: [[16, 17, 19], [16, 13, 17, 19]]
16->18: [[16, 17, 18], [16, 13, 17, 18]]
16->13: [[16, 13], [16, 17, 13]]
16->12: [[16, 13, 12], [16, 17, 22, 24, 12]]
16->11: [[16, 13, 11], [16, 2, 3, 8, 5, 14, 11]]
16->10: [[16, 13, 10], [16, 2, 3, 8, 5, 14, 10]]
16->17: [[16, 17], [16, 13, 17]]
16->15: [[16, 15], [16, 13, 15]]
16->14: [[16, 13, 11, 14], [16, 9, 5, 14]]
16->24: [[16, 13, 22, 24], [16, 17, 22, 24]]
15->8: [[15, 13, 8], [15, 2, 3, 8]]
15->9: [[15, 13, 9], [15, 16, 9]]
15->2: [[15, 2], [15, 13, 9, 2]]
15->3: [[15, 2, 3], [15, 13, 8, 3]]
15->0: [[15, 13, 9, 2, 0], [15, 2, 3, 6, 1, 0]]
15->1: [[15, 2, 3, 6, 1], [15, 13, 9, 2, 0, 1]]
15->6: [[15, 2, 3, 6], [15, 13, 9, 2, 0, 1, 6]]
15->7: [[15, 13, 5, 7], [15, 2, 3, 8, 5, 7]]
15->4: [[15, 13, 5, 4], [15, 16, 9, 5, 4]]
15->5: [[15, 13, 5], [15, 16, 9, 5]]
15->23: [[15, 13, 22, 23], [15, 21, 22, 23]]
15->22: [[15, 13, 22], [15, 17, 22]]
15->21: [[15, 21], [15, 17, 21]]
15->20: [[15, 17, 20], [15, 13, 17, 20]]
15->19: [[15, 17, 19], [15, 13, 17, 19]]
15->18: [[15, 17, 18], [15, 13, 17, 18]]
15->13: [[15, 13], [15, 17, 13]]
15->12: [[15, 13, 12], [15, 2, 3, 8, 13, 12]]
15->11: [[15, 13, 11], [15, 16, 13, 11]]
15->10: [[15, 13, 10], [15, 2, 3, 8, 5, 14, 10]]
15->17: [[15, 17], [15, 13, 17]]
15->16: [[15, 16], [15, 13, 16]]
15->14: [[15, 13, 11, 14], [15, 16, 9, 5, 14]]
15->24: [[15, 13, 22, 24], [15, 2, 3, 9, 22, 24]]
14->8: [[14, 5, 8], [14, 11, 13, 8]]
14->9: [[14, 5, 9], [14, 11, 13, 9]]
14->2: [[14, 11, 13, 9, 2], [14, 5, 8, 3, 2]]
14->3: [[14, 5, 8, 3], [14, 11, 13, 8, 3]]
14->0: [[14, 11, 13, 9, 2, 0], [14, 5, 8, 3, 6, 1, 0]]
14->1: [[14, 5, 8, 3, 6, 1], [14, 11, 13, 9, 2, 0, 1]]
14->6: [[14, 5, 8, 3, 6], [14, 11, 13, 9, 2, 0, 1, 6]]
14->7: [[14, 5, 7], [14, 11, 13, 5, 7]]
14->4: [[14, 5, 4], [14, 11, 13, 5, 4]]
14->5: [[14, 5], [14, 11, 13, 5]]
14->23: [[14, 11, 13, 22, 23], [14, 5, 8, 3, 9, 22, 23]]
14->22: [[14, 11, 13, 22], [14, 5, 9, 22]]
14->21: [[14, 11, 13, 15, 21], [14, 5, 8, 3, 9, 22, 21]]
14->20: [[14, 11, 13, 17, 20], [14, 5, 8, 3, 2, 20]]
14->19: [[14, 11, 13, 17, 19], [14, 5, 8, 3, 2, 20, 19]]
14->18: [[14, 11, 13, 17, 18], [14, 5, 8, 3, 2, 21, 18]]
14->13: [[14, 11, 13], [14, 10, 13]]
14->12: [[14, 11, 13, 12], [14, 5, 8, 13, 12]]
14->11: [[14, 11], [14, 5, 9, 16, 13, 11]]
14->10: [[14, 10], [14, 11, 13, 10]]
14->17: [[14, 11, 13, 17], [14, 5, 9, 16, 17]]
14->16: [[14, 11, 13, 16], [14, 5, 9, 16]]
14->15: [[14, 11, 13, 15], [14, 5, 9, 16, 15]]
14->24: [[14, 11, 13, 22, 24], [14, 5, 8, 3, 9, 22, 24]]
24->8: [[24, 22, 13, 8], [24, 22, 9, 3, 8]]
24->9: [[24, 22, 9], [24, 22, 13, 9]]
24->2: [[24, 22, 13, 9, 2], [24, 22, 9, 3, 2]]
24->3: [[24, 22, 9, 3], [24, 22, 13, 8, 3]]
24->0: [[24, 22, 13, 9, 2, 0], [24, 22, 17, 16, 2, 0]]
24->1: [[24, 22, 9, 3, 6, 1], [24, 22, 13, 9, 2, 0, 1]]
24->6: [[24, 22, 9, 3, 6], [24, 22, 13, 9, 2, 0, 1, 6]]
24->7: [[24, 22, 13, 5, 7], [24, 22, 17, 16, 9, 5, 4, 7]]
24->4: [[24, 22, 13, 5, 4], [24, 22, 17, 16, 9, 5, 4]]
24->5: [[24, 22, 13, 5], [24, 22, 17, 16, 9, 5]]
24->23: [[24, 23], [24, 22, 23]]
24->22: [[24, 22], [24, 12, 13, 22]]
24->21: [[24, 22, 21], [24, 22, 17, 21]]
24->20: [[24, 22, 17, 20], [24, 22, 13, 17, 20]]
24->19: [[24, 22, 17, 19], [24, 22, 13, 17, 19]]
24->18: [[24, 22, 17, 18], [24, 22, 13, 17, 18]]
24->13: [[24, 22, 13], [24, 22, 17, 16, 13]]
24->12: [[24, 12], [24, 22, 13, 12]]
24->11: [[24, 12, 11], [24, 22, 13, 11]]
24->10: [[24, 22, 13, 10], [24, 12, 11, 10]]
24->17: [[24, 22, 17], [24, 22, 13, 17]]
24->16: [[24, 22, 13, 16], [24, 22, 17, 16]]
24->15: [[24, 22, 13, 15], [24, 22, 17, 16, 15]]
24->14: [[24, 22, 13, 11, 14], [24, 22, 17, 16, 9, 5, 14]]
