Node_num: 25	 Edge_num: 112
Link_index	Source	Destination	OSPF	Capacity(kbps)
0	1	0	1	7782089
1	2	0	1	9396752
2	3	0	1	8240204
3	4	0	1	7779459
4	5	0	1	8465096
5	6	0	1	4834534
6	7	0	1	9131625
7	4	3	1	3870442
8	5	3	1	8436868
9	0	3	1	8409285
10	7	3	1	4640982
11	8	5	1	9441931
12	1	5	1	6882248
13	3	5	1	4015164
14	0	5	1	7440974
15	8	1	1	7159918
16	5	1	1	8597431
17	9	1	1	4288402
18	6	1	1	7715758
19	0	1	1	9818880
20	10	1	1	9766218
21	11	1	1	4955744
22	12	1	1	5658292
23	13	1	1	6313127
24	8	14	1	8948325
25	10	14	1	6983997
26	8	10	1	5023161
27	1	10	1	9525201
28	14	10	1	4976731
29	15	10	1	3577156
30	8	15	1	5658163
31	16	15	1	6723617
32	10	15	1	5838557
33	7	15	1	5110537
34	1	8	1	3794684
35	14	8	1	3964325
36	5	8	1	5088287
37	15	8	1	8292910
38	10	8	1	3871694
39	3	7	1	7430659
40	4	7	1	5805254
41	16	7	1	6813176
42	15	7	1	6490643
43	0	7	1	5961194
44	17	7	1	6880082
45	15	16	1	7070556
46	7	16	1	5449672
47	9	18	1	6663766
48	13	18	1	5243103
49	9	19	1	3657646
50	11	19	1	5351312
51	2	4	1	4941694
52	3	4	1	5994883
53	20	4	1	6753200
54	9	4	1	7545716
55	21	4	1	3764898
56	6	4	1	4709075
57	0	4	1	7151193
58	22	4	1	7576736
59	7	4	1	3258819
60	12	4	1	6559456
61	4	21	1	4005077
62	20	21	1	3562354
63	23	21	1	7821621
64	4	20	1	3394233
65	21	20	1	6367277
66	17	20	1	7164717
67	22	20	1	5692083
68	4	22	1	4430905
69	20	22	1	7080348
70	17	22	1	4361215
71	19	9	1	5054868
72	1	9	1	7537437
73	2	9	1	7960461
74	4	9	1	6732342
75	18	9	1	4692821
76	6	9	1	8622819
77	11	9	1	6957347
78	12	9	1	7328052
79	13	9	1	4823472
80	1	6	1	5673061
81	4	6	1	4339820
82	9	6	1	9455289
83	0	6	1	7224747
84	12	6	1	3386816
85	1	12	1	3687821
86	4	12	1	5170194
87	9	12	1	4795277
88	6	12	1	7496850
89	11	12	1	6966729
90	20	17	1	9307316
91	22	17	1	3453556
92	7	17	1	5151389
93	4	2	1	5551946
94	24	2	1	7191189
95	9	2	1	4388456
96	0	2	1	9283666
97	23	2	1	9448982
98	11	2	1	9813311
99	2	24	1	9476176
100	23	24	1	9604553
101	1	13	1	9282888
102	9	13	1	4114401
103	18	13	1	5357893
104	19	11	1	5290469
105	1	11	1	5529702
106	2	11	1	6968867
107	9	11	1	3221607
108	12	11	1	8517861
109	2	23	1	7919337
110	24	23	1	6171935
111	21	23	1	6042256
